0 34 41 27 22 37 50 46 25 48 47 38 41 50 9 14 9 5
34 0 39 20 35 39 15 36 27 15 11 14 23 22 19 40 14 28
41 39 0 14 23 41 32 41 4 43 26 15 44 8 36 1 35 33
27 20 14 0 36 5 36 20 6 36 45 44 20 23 13 35 4 34
22 35 23 36 0 9 1 30 47 34 18 41 33 42 44 18 41 4
37 39 41 5 9 0 6 49 30 12 10 42 13 18 47 48 9 11
50 15 32 36 1 6 0 29 19 6 27 19 48 47 17 6 22 30
46 36 41 20 30 49 29 0 35 50 17 50 36 49 4 41 36 49
25 27 4 6 47 30 19 35 0 42 36 38 31 10 5 20 43 50
48 15 43 36 34 12 6 50 42 0 30 35 30 9 29 16 41 5
47 11 26 45 18 10 27 17 36 30 0 4 24 9 40 34 50 24
38 14 15 44 41 42 19 50 38 35 4 0 28 11 48 1 24 33
41 23 44 20 33 13 48 36 31 30 24 28 0 38 8 15 25 33
50 22 8 23 42 18 47 49 10 9 9 11 38 0 38 44 35 11
9 19 36 13 44 47 17 4 5 29 40 48 8 38 0 26 39 8
14 40 1 35 18 48 6 41 20 16 34 1 15 44 26 0 24 42
9 14 35 4 41 9 22 36 43 41 50 24 25 35 39 24 0 8
5 28 33 34 4 11 30 49 50 5 24 33 33 11 8 42 8 0
