0 15 4 5 3 8 2 9 15
15 0 11 13 3 4 1 9 12
4 11 0 15 5 15 4 15 6
5 13 15 0 3 8 14 9 15
3 3 5 3 0 3 8 13 15
8 4 15 8 3 0 11 2 13
2 1 4 14 8 11 0 8 2
9 9 15 9 13 2 8 0 8
15 12 6 15 15 13 2 8 0
