0 50 45 44 4 15 28 49 19 38 6 38 38 19 13 44 11 41
50 0 18 2 7 37 6 22 35 9 47 19 4 27 4 43 43 5
45 18 0 41 44 48 28 20 49 45 30 40 14 30 18 15 23 40
44 2 41 0 31 46 20 22 8 13 38 21 28 18 39 27 42 44
4 7 44 31 0 2 45 32 29 23 1 9 35 28 7 38 9 23
15 37 48 46 2 0 30 33 46 6 5 31 36 17 11 21 23 50
28 6 28 20 45 30 0 31 48 40 21 47 19 44 24 10 46 36
49 22 20 22 32 33 31 0 20 16 35 15 36 46 17 37 10 46
19 35 49 8 29 46 48 20 0 42 32 7 39 35 50 41 40 20
38 9 45 13 23 6 40 16 42 0 33 25 9 9 41 26 4 49
6 47 30 38 1 5 21 35 32 33 0 13 3 19 3 20 42 40
38 19 40 21 9 31 47 15 7 25 13 0 35 2 44 16 15 9
38 4 14 28 35 36 19 36 39 9 3 35 0 29 1 43 36 10
19 27 30 18 28 17 44 46 35 9 19 2 29 0 12 28 22 6
13 4 18 39 7 11 24 17 50 41 3 44 1 12 0 25 10 34
44 43 15 27 38 21 10 37 41 26 20 16 43 28 25 0 10 9
11 43 23 42 9 23 46 10 40 4 42 15 36 22 10 10 0 23
41 5 40 44 23 50 36 46 20 49 40 9 10 6 34 9 23 0
