0 1 7 2 10 11 14 3 1
1 0 12 9 15 8 14 12 12
7 12 0 8 2 8 10 6 4
2 9 8 0 6 13 10 14 4
10 15 2 6 0 13 12 10 8
11 8 8 13 13 0 10 14 7
14 14 10 10 12 10 0 7 1
3 12 6 14 10 14 7 0 10
1 12 4 4 8 7 1 10 0
