0 3 27 40 30 18 32 41 2 12 10 27 21 1 21 30 28 20 4 33
3 0 34 19 18 33 41 18 14 46 24 47 3 35 44 40 46 17 46 3
27 34 0 15 50 10 12 40 34 49 32 41 20 45 4 1 38 31 3 8
40 19 15 0 8 37 41 36 44 6 24 43 20 5 15 49 22 21 9 23
30 18 50 8 0 26 44 25 1 6 30 7 38 10 46 44 32 13 28 26
18 33 10 37 26 0 20 7 35 36 15 21 23 32 12 11 36 49 42 14
32 41 12 41 44 20 0 32 31 22 28 35 20 36 35 13 10 44 6 33
41 18 40 36 25 7 32 0 31 18 29 10 23 23 4 16 28 6 19 45
2 14 34 44 1 35 31 31 0 16 27 4 23 15 8 1 6 8 13 10
12 46 49 6 6 36 22 18 16 0 39 12 26 18 25 19 42 22 22 50
10 24 32 24 30 15 28 29 27 39 0 34 34 49 17 29 2 39 30 14
27 47 41 43 7 21 35 10 4 12 34 0 16 30 18 17 14 45 3 7
21 3 20 20 38 23 20 23 23 26 34 16 0 30 46 2 20 44 27 9
1 35 45 5 10 32 36 23 15 18 49 30 30 0 3 13 37 25 30 15
21 44 4 15 46 12 35 4 8 25 17 18 46 3 0 18 11 10 49 39
30 40 1 49 44 11 13 16 1 19 29 17 2 13 18 0 10 37 47 23
28 46 38 22 32 36 10 28 6 42 2 14 20 37 11 10 0 4 23 4
20 17 31 21 13 49 44 6 8 22 39 45 44 25 10 37 4 0 9 16
4 46 3 9 28 42 6 19 13 22 30 3 27 30 49 47 23 9 0 50
33 3 8 23 26 14 33 45 10 50 14 7 9 15 39 23 4 16 50 0
