0 1 8 15 7 36 43 10 10 44 31 18 5 40 25 28 42 24
1 0 49 15 3 24 21 2 3 16 48 15 42 20 47 50 15 26
8 49 0 34 47 2 17 16 15 26 15 49 26 47 19 20 27 46
15 15 34 0 9 15 37 25 11 23 24 21 9 26 26 42 7 49
7 3 47 9 0 40 31 15 26 39 15 50 40 17 26 5 14 6
36 24 2 15 40 0 31 15 22 7 17 29 17 46 39 33 11 48
43 21 17 37 31 31 0 43 44 34 39 25 30 4 7 17 17 38
10 2 16 25 15 15 43 0 37 20 20 5 11 42 10 22 1 1
10 3 15 11 26 22 44 37 0 23 40 24 33 21 33 46 2 27
44 16 26 23 39 7 34 20 23 0 32 8 20 1 42 11 29 20
31 48 15 24 15 17 39 20 40 32 0 33 13 11 17 5 7 28
18 15 49 21 50 29 25 5 24 8 33 0 8 9 8 41 47 41
5 42 26 9 40 17 30 11 33 20 13 8 0 34 25 29 10 44
40 20 47 26 17 46 4 42 21 1 11 9 34 0 16 15 18 42
25 47 19 26 26 39 7 10 33 42 17 8 25 16 0 15 47 26
28 50 20 42 5 33 17 22 46 11 5 41 29 15 15 0 3 50
42 15 27 7 14 11 17 1 2 29 7 47 10 18 47 3 0 48
24 26 46 49 6 48 38 1 27 20 28 41 44 42 26 50 48 0
